+84819305184
+84823633697
+84826255723
+84834094338
+84835278273
+84843529768
+84849685665
+84854877229
+84862414231
+84865459306
+84865847273
+84865884765
+84866874330
+84867766810
+84868936506
+84869262973
+84877068753
+84877136067
+84878038352
+84878081864
+84878081930
+84878082274
+84878082737
+84878083173
+84878083539
+84878083560
+84878083690
+84878083835
+84878083899
+84878083955
+84878085021
+84878085372
+84878184228
+84878187525
+84878262994
+84878263936
+84878264008
+84878264249
+84878327381
+84878329458
+84878329780
+84878330119
+84878335303
+84878335486
+84878335517
+84878335956
+84878336084
+84878336101
+84878345941
+84878346188