+84785220758
+84907208621
+84908467358
+84385565445
+84385619225
+84385775690
+84386673987
+84386838760
+84387381582
+84387540261
+84387555985
+84387799270
+84388048875
+84388650917
+84389070783
+84389132431
+84392533087
+84392680718
+84392802733
+84393156531
+84394328775
+84394818846
+84395036798
+84396207058
+84397604080
+84397808521
+84398391644
+84398704613
+84399721785
+84399776150
+84528686009
+84528686016
+84528686046
+84528691854
+84528691869
+84528692096
+84528840038
+84528840054
+84528841163
+84528841171
+84528841249
+84528841302