+84325368167
+84325772471
+84325944350
+84326852420
+84327382493
+84327540446
+84327541206
+84327871354
+84328078453
+84328761306
+84328799028
+84329889402
+84332075213
+84333874958
+84335749775
+84337315361
+84337406771
+84337622483
+84338519640
+84339013657
+84339407867
+84339957311
+84343324772
+84343478880
+84343628260
+84343741019
+84344149400
+84344158483
+84344677069
+84344985633
+84346738924
+84348009536
+84348377251
+84348479726
+84348825800
+84349432369
+84349780461
+84349870871
+84352466918
+84352689704
+84353346997
+84354061541
+84354853671
+84355875026
+84355938243
+84357765346
+84363880572
+84364326005
+84364896811
+84365366451