+84823633697
+84835278273
+84865459306
+84865847273
+84865884765
+84866874330
+84867766810
+84868936506
+84869262973
+84877068753
+84877136067
+84878081864
+84878081930
+84878082274
+84878082737
+84878083173
+84878083539
+84878083560
+84878083690
+84878083835
+84878083899
+84878083955
+84878085021
+84878184228
+84878187525
+84878262994
+84878263936
+84878264008
+84878264249
+84878327381
+84878329458
+84878329780
+84878330119
+84878335303
+84878335486
+84878335517
+84878335956
+84878336101
+84878348110
+84879708244
+84879831060
+84879831086
+84896734723
+84896859492
+84898091202
+84898607995
+84899541605
+84899643422
+84901338654
+84901455914
+84902331587
+84902835748
+84902973091
+84903378441
+84903604532
+84906633712
+84908382306
+84908596931
+84908846975
+84911504927
+84921449362
+84924463514
+84927245218
+84928716072
+84931150064
+84931339015
+84931853912
+84932100640
+84933750096
+84933855645
+84934030450
+84936472963
+84937321207
+84937435052
+84937836049
+84937921563