+84777258665
+84777258949
+84777258963
+84777259131
+84777259171
+84777259874
+84777259882
+84777259927
+84777260364
+84777260549

+84325368167
+84325772471
+84325944350
+84326852420
+84327382493
+84327540446
+84327541206
+84327871354
+84328078453
+84328761306
+84328799028
+84329889402
+84332075213
+84333874958
+84335749775
+84337315361
+84337406771
+84337622483
+84338519640
+84339013657
+84339407867
+84339957311
+84343324772
+84343478880
+84343628260
+84343741019
+84344149400
+84344158483
+84344677069
+84344985633
+84346738924
+84348009536
+84348377251
+84348479726
+84348825800
+84349432369
+84349780461
+84349870871
+84352466918
+84352689704
+84353346997
+84354061541
+84354853671
+84355875026
+84355938243
+84357765346
+84363880572
+84364326005
+84364896811
+84365366451
+84366375071
+84367319493
+84372041354
+84372699887
+84374900158
+84375828659
+84377374024
+84377670407
+84379402861
+84386379748
+84386597170
+84389067330
+84389269648
+84392246647
+84393485476
+84394141135
+84395008415
+84396023927
+84397302198
+84397918785
+84398026451
+84399557052
+84399570564
+84399826489
+84528241294
+84563590963
+84563591094
+84563616521
+84563627879
+84563681769
+84563681909
+84563684245
+84563734421
+84563759003
+84563759361
+84564433566
+84565180263
+84565265043
+84565669881
+84566907176
+84762887691
+84762958780
+84763012099
+84763077786
+84776296491
+84783377136
+84783485778
+84784029873
+84784036290
+84784036643