+84366375071
+84367319493
+84372041354
+84372699887
+84374900158
+84375828659
+84377374024
+84377670407
+84379402861
+84386379748
+84386597170
+84389067330
+84389269648
+84392246647
+84393485476
+84394141135
+84395008415
+84396023927
+84397302198
+84397918785
+84398026451
+84399557052
+84399570564
+84399826489
+84528241294
+84563590963
+84563591094
+84563616521
+84563627879
+84563681769
+84563681909
+84563684245
+84563734421
+84563759003
+84563759361
+84564433566
+84565180263
+84565265043
+84565669881
+84566907176
+84762887691
+84762958780
+84763012099
+84763077786
+84776296491
+84783377136
+84783485778
+84784029873
+84784036290
+84784036643