+84879831086
+84896734723
+84896859492
+84898091202
+84898607995
+84899541605
+84899643422
+84901183427
+84901236634
+84901253245
+84901338654
+84901455914
+84902331587
+84902835748
+84902973091
+84903378441
+84903604532
+84906633712
+84908382306
+84908596931
+84908846975
+84911504927
+84921449362
+84924463514
+84927245218
+84928663267
+84928716072
+84931150064
+84931339015
+84931853912
+84932100640
+84933546406
+84933750096
+84933855645
+84934030450
+84936125907
+84936472963
+84937321207
+84937374302
+84937435052
+84937836049
+84937921563
+84878346321
+84878348110
+84878349848
+84878534967
+84878551649
+84879293152
+84879708244
+84879831060