+840584977673
+840584977675
+840927719774
+84327737215
+84334003450
+84334657165
+84334940982
+84335018901
+84337302291
+84337868084
+84338602923
+84339664736
+84343275420
+84343473928
+84347626822
+84348337105
+84349287587
+84349706796
+84353213324
+84353398028
+84354043317
+84355016834
+84362397028
+84362427785
+84366472762
+84368190035
+84369722708
+84373912161
+84379101402
+84384072982
+84387158124
+84389904412
+84392094784
+84392687824
+84397794798
+84398769616
+84522345580
+84522374675
+84522391615
+84528208527
+84528319931
+84528396224
+84528933920
+84528933992
+84528934002
+84528934318
+84528934368
+84528934369
+84528934401
+84528934548